  13354 161.0
  12421 237.0
  11138 236.0
  11064 162.0
   9146 230.0
   8886 186.0
   8641 234.0
   8571 170.0
   8399 138.0
   7670 48.0
   7636 142.0
   7605 132.0
   7246 163.0
   6271 239.0
   6054 164.0
   5870 141.0
   5672 68.0
   5576 107.0
   5453 100.0
   5323 238.0
   5263 140.0
   4989 229.0
   4686 79.0
   4527 231.0
   4317 90.0
   4244 246.0
   4223 263.0
   4109 249.0
   3866 113.0
   3773 43.0
   3452 233.0
   3166 262.0
   3083 137.0
   3078 143.0
   2604 114.0
   2591 13.0
   2270 151.0
   2129 144.0
   2116 50.0
   1904 87.0
   1848 75.0
   1838 158.0
   1837 148.0
   1692 211.0
   1648 166.0
   1645 264.0
   1553 125.0
   1425 261.0
   1117 88.0
    906 41.0
    869 74.0
    737 24.0
    507 45.0
    475 209.0
    434 224.0
    405 42.0
    319 232.0
    315 226.0
    302 116.0
    298 4.0
    286 145.0
    284 244.0
    283 152.0
    281 33.0
    277 65.0
    269 7.0
    222 146.0
    211 97.0
    209 25.0
    190 193.0
    187 181.0
    124 52.0
    118 260.0
    117 179.0
    112 40.0
    110 223.0
    107 129.0
    106 66.0
     99 265.0
     99 12.0
     85 256.0
     79 80.0
     78 255.0
     66 10.0
     64 61.0
     60 17.0
     58 89.0
     58 112.0
     56 82.0
     55 168.0
     52 95.0
     52 76.0
     50 49.0
     49 70.0
     49 215.0
     48 247.0
     45 188.0
     45 106.0
     44 37.0
     43 243.0
     41 28.0
     41 130.0
     37 39.0
     37 35.0
     36 26.0
     35 14.0
     34 189.0
     33 91.0
     33 205.0
     31 51.0
     31 216.0
     30 93.0
     30 69.0
     30 225.0
     28 197.0
     28 196.0
     27 219.0
     27 195.0
     27 165.0
     27 159.0
     26 72.0
     26 56.0
     26 155.0
     25 71.0
     25 127.0
     24 92.0
     23 62.0
     23 242.0
     23 228.0
     22 218.0
     21 83.0
     21 77.0
     21 217.0
     21 213.0
     20 182.0
     18 85.0
     17 81.0
     17 22.0
     17 210.0
     17 21.0
     17 191.0
     17 123.0
     16 235.0
     16 134.0
     16 133.0
     16 1.0
     15 259.0
     15 220.0
     15 136.0
     14 55.0
     14 250.0
     14 222.0
     14 177.0
     14 135.0
     14 131.0
     13 60.0
     13 32.0
     13 254.0
     13 18.0
     13 174.0
     12 86.0
     12 29.0
     12 157.0
     11 227.0
     11 124.0
     11 119.0
     10 98.0
     10 47.0
     10 38.0
     10 36.0
     10 203.0
     10 194.0
     10 190.0
     10 167.0
     10 147.0
      9 63.0
      9 34.0
      9 258.0
      9 198.0
      9 178.0
      9 173.0
      9 149.0
      9 139.0
      8 78.0
      8 257.0
      8 241.0
      8 212.0
      8 202.0
      8 20.0
      8 185.0
      8 169.0
      8 121.0
      8 117.0
      7 94.0
      7 3.0
      7 207.0
      7 19.0
      7 180.0
      7 160.0
      7 150.0
      7 11.0
      6 9.0
      6 54.0
      6 208.0
      6 183.0
      6 171.0
      6 153.0
      6 122.0
      6 108.0
      6 101.0
      5 67.0
      5 248.0
      5 192.0
      5 175.0
      5 15.0
      4 73.0
      4 252.0
      4 200.0
      3 8.0
      3 64.0
      3 126.0
      3 102.0
      2 53.0
      2 31.0
      2 16.0
      2 120.0
      1 96.0
      1 6.0
      1 57.0
      1 44.0
      1 27.0
      1 253.0
      1 240.0
      1 23.0
      1 214.0
      1 206.0
      1 201.0
      1 2.0
      1 187.0
      1 154.0
      1 128.0
      1 111.0
